Temperature C         Pressure hPa        Humidity %          Date
     22,7                  98,8              31,8         2019-01-27 15:39:59
     22,7                  98,8              31,8         2019-01-27 15:40:01
     22,7                  98,8              31,8         2019-01-27 15:40:04
     22,7                  98,8              31,8         2019-01-27 15:40:07
     22,7                  98,8              31,8         2019-01-27 15:40:10
     22,7                  98,8              31,8         2019-01-27 15:40:13
     22,7                  98,8              31,8         2019-01-27 15:40:16
     22,7                  98,8              31,8         2019-01-27 15:40:19
     22,7                  98,8              31,8         2019-01-27 15:40:22
     22,7                  98,8              31,8         2019-01-27 15:40:25
     22,7                  98,8              31,8         2019-01-27 15:40:28
     22,7                  98,8              31,8         2019-01-27 15:40:31
     22,7                  98,8              31,8         2019-01-27 15:40:34
     22,7                  98,8              31,8         2019-01-27 15:40:37
     22,7                  98,8              31,8         2019-01-27 15:40:40
     22,7                  98,8              31,8         2019-01-27 15:40:43
     22,7                  98,8              31,8         2019-01-27 15:40:46
     22,7                  98,8              31,8         2019-01-27 15:40:49
     22,7                  98,8              31,8         2019-01-27 15:40:52
     22,7                  98,8              31,8         2019-01-27 15:40:55
     22,7                  98,8              31,8         2019-01-27 15:40:58
     22,7                  98,8              31,8         2019-01-27 15:41:01
     22,7                  98,8              31,8         2019-01-27 15:41:04
     22,7                  98,8              31,8         2019-01-27 15:41:07
     22,7                  98,8              31,8         2019-01-27 15:41:10
     22,7                  98,8              31,8         2019-01-27 15:41:13
     22,7                  98,8              31,8         2019-01-27 15:41:16
     22,7                  98,8              31,8         2019-01-27 15:41:19
     22,7                  98,8              31,8         2019-01-27 15:41:22
     22,7                  98,8              31,8         2019-01-27 15:41:25
     22,7                  98,8              31,8         2019-01-27 15:41:28
     22,7                  98,8              31,8         2019-01-27 15:41:31
     22,7                  98,8              31,8         2019-01-27 15:41:34
     22,7                  98,8              31,8         2019-01-27 15:41:37
     22,7                  98,8              31,8         2019-01-27 15:41:40
     22,7                  98,8              31,8         2019-01-27 15:41:43
     22,7                  98,8              31,8         2019-01-27 15:41:46
     22,7                  98,8              31,8         2019-01-27 15:41:49
     22,7                  98,8              31,8         2019-01-27 15:41:52
     22,7                  98,8              31,8         2019-01-27 15:41:55
     22,7                  98,8              31,8         2019-01-27 15:41:58
     22,7                  98,8              31,8         2019-01-27 15:42:01
     22,7                  98,8              31,8         2019-01-27 15:42:04
     22,7                  98,8              31,8         2019-01-27 15:42:07
     22,7                  98,8              31,8         2019-01-27 15:42:10
     22,7                  98,8              31,8         2019-01-27 15:42:13
     22,7                  98,8              31,8         2019-01-27 15:42:16
     22,7                  98,8              31,8         2019-01-27 15:42:19
     22,7                  98,8              31,8         2019-01-27 15:42:22
     22,7                  98,8              31,8         2019-01-27 15:42:31
     22,7                  98,8              31,8         2019-01-27 15:42:33
     22,7                  98,8              31,8         2019-01-27 15:42:36
     22,7                  98,8              31,8         2019-01-27 15:42:39
     22,7                  98,8              31,8         2019-01-27 15:42:42
     22,7                  98,8              31,8         2019-01-27 15:42:45
     22,7                  98,8              31,8         2019-01-27 15:42:48
     22,7                  98,8              31,8         2019-01-27 15:42:51
     22,7                  98,8              31,8         2019-01-27 15:42:54
     22,7                  98,8              31,8         2019-01-27 15:42:57
     22,7                  98,8              31,8         2019-01-27 15:45:19
     22,7                  98,8              31,8         2019-01-27 15:45:22
     22,7                  98,8              31,8         2019-01-27 15:45:25
     22,7                  98,8              31,8         2019-01-27 15:45:28
     22,7                  98,8              31,8         2019-01-27 15:45:31
     22,7                  98,8              31,8         2019-01-27 15:45:34
     22,7                  98,8              31,8         2019-01-27 15:45:37
     22,7                  98,8              31,8         2019-01-27 15:45:40
     22,7                  98,8              31,8         2019-01-27 15:45:43
     22,7                  98,8              31,8         2019-01-27 15:45:46
     22,7                  98,8              31,8         2019-01-27 15:45:49
     22,7                  98,8              31,8         2019-01-27 15:45:52
     22,7                  98,8              31,8         2019-01-27 15:45:55
     22,7                  98,8              31,8         2019-01-27 15:45:58
     22,7                  98,8              31,8         2019-01-27 15:46:01
     22,7                  98,8              31,8         2019-01-27 15:46:04
     22,7                  98,8              31,8         2019-01-27 15:46:07
     22,7                  98,8              31,8         2019-01-27 15:46:10
     22,7                  98,8              31,8         2019-01-27 15:46:19
     22,7                  98,8              31,8         2019-01-27 15:46:22
     22,7                  98,8              31,8         2019-01-27 15:46:25
     22,7                  98,8              31,8         2019-01-27 15:46:28
     22,7                  98,8              31,8         2019-01-27 15:49:49
     22,7                  98,8              31,8         2019-01-27 15:54:28
     22,7                  98,8              31,8         2019-01-27 15:54:28
     22,7                  98,8              31,8         2019-01-27 15:54:28
     22,7                  98,8              31,8         2019-01-27 15:54:28
     22,7                  98,8              31,8         2019-01-27 15:54:28
     22,7                  98,8              31,8         2019-01-27 15:55:44
     22,7                  98,8              31,8         2019-01-27 15:55:47
     22,7                  98,8              31,8         2019-01-27 15:56:53
     22,7                  98,8              31,8         2019-01-27 15:56:55
     22,7                  98,8              31,8         2019-01-27 15:56:58
     22,7                  98,8              31,8         2019-01-27 15:57:01
     22,7                  98,8              31,8         2019-01-27 15:57:04
     22,7                  98,8              31,8         2019-01-27 15:57:07
     22,7                  98,8              31,8         2019-01-27 15:57:10
     22,7                  98,8              31,8         2019-01-27 15:57:13
     22,7                  98,8              31,8         2019-01-27 15:57:16
     22,7                  98,8              31,8         2019-01-27 15:57:19
     22,7                  98,8              31,8         2019-01-27 15:57:22
     22,7                  98,8              31,8         2019-01-27 15:57:25
     22,7                  98,8              31,8         2019-01-27 15:57:28
     22,7                  98,8              31,8         2019-01-27 15:57:31
     22,7                  98,8              31,8         2019-01-27 15:57:34
     22,7                  98,8              31,8         2019-01-27 15:57:37
     22,7                  98,8              31,8         2019-01-27 15:57:40
     22,7                  98,8              31,8         2019-01-27 15:57:43
     22,7                  98,8              31,8         2019-01-27 15:57:46
     22,7                  98,8              31,8         2019-01-27 15:57:49
     22,7                  98,8              31,8         2019-01-27 15:57:52
     22,7                  98,8              31,8         2019-01-27 15:57:55
     22,7                  98,8              31,8         2019-01-27 15:57:58
     22,7                  98,8              31,8         2019-01-27 15:58:06
     22,7                  98,8              31,8         2019-01-27 15:58:08
     22,7                  98,8              31,8         2019-01-27 15:58:11
     22,7                  98,8              31,8         2019-01-27 15:58:14
     22,7                  98,8              31,8         2019-01-27 15:58:17
     22,7                  98,8              31,8         2019-01-27 15:58:20
     22,7                  98,8              31,8         2019-01-27 15:58:23
     22,7                  98,8              31,8         2019-01-31 11:45:54
     22,7                  98,8              31,8         2019-01-31 11:45:57
     22,7                  98,8              31,8         2019-01-31 11:46:00
     22,7                  98,8              31,8         2019-01-31 11:46:03
     22,7                  98,8              31,8         2019-01-31 11:46:06
     22,7                  98,8              31,8         2019-01-31 11:46:09
     22,7                  98,8              31,8         2019-01-31 11:46:12
     22,7                  98,8              31,8         2019-01-31 11:46:15
     22,7                  98,8              31,8         2019-01-31 11:46:18
     22,7                  98,8              31,8         2019-01-31 11:46:21
     22,7                  98,8              31,8         2019-01-31 11:46:24
     22,7                  98,8              31,8         2019-01-31 11:46:27
     22,7                  98,8              31,8         2019-01-31 11:46:30
     22,7                  98,8              31,8         2019-01-31 11:46:33
     22,7                  98,8              31,8         2019-01-31 11:46:36
     22,7                  98,8              31,8         2019-01-31 11:46:39
     22,7                  98,8              31,8         2019-01-31 11:46:42
     22,7                  98,8              31,8         2019-01-31 11:46:45
     22,7                  98,8              31,8         2019-01-31 11:46:48
     22,7                  98,8              31,8         2019-01-31 11:46:51
     22,7                  98,8              31,8         2019-01-31 11:46:54
     22,7                  98,8              31,8         2019-01-31 11:46:57
     22,7                  98,8              31,8         2019-01-31 11:47:00
     22,7                  98,8              31,8         2019-01-31 11:47:03
     22,7                  98,8              31,8         2019-01-31 11:47:06
     22,7                  98,8              31,8         2019-01-31 11:47:09
     22,7                  98,8              31,8         2019-01-31 11:47:12
     22,7                  98,8              31,8         2019-01-31 11:47:15
     22,7                  98,8              31,8         2019-01-31 11:47:18
     22,7                  98,8              31,8         2019-01-31 11:47:21
     22,7                  98,8              31,8         2019-01-31 11:49:10
     22,7                  98,8              31,8         2019-01-31 11:49:13
     22,7                  98,8              31,8         2019-01-31 11:49:16
     22,7                  98,8              31,8         2019-01-31 11:49:19
     22,7                  98,8              31,8         2019-01-31 11:49:22
     22,7                  98,8              31,8         2019-01-31 11:49:25
     22,7                  98,8              31,8         2019-01-31 11:49:28
     22,7                  98,8              31,8         2019-01-31 11:49:31
     22,7                  98,8              31,8         2019-01-31 11:49:34
     22,7                  98,8              31,8         2019-01-31 11:49:37
     22,7                  98,8              31,8         2019-01-31 11:49:40
     22,7                  98,8              31,8         2019-01-31 11:49:43
     22,7                  98,8              31,8         2019-01-31 11:49:46
     22,7                  98,8              31,8         2019-01-31 11:49:49
     22,7                  98,8              31,8         2019-01-31 11:50:19
     22,7                  98,8              31,8         2019-01-31 11:50:22
     22,7                  98,8              31,8         2019-01-31 11:50:25
     22,7                  98,8              31,8         2019-01-31 11:50:28
     22,7                  98,8              31,8         2019-01-31 11:50:31
     22,7                  98,8              31,8         2019-01-31 11:50:34
     22,7                  98,8              31,8         2019-01-31 11:50:37
     22,7                  98,8              31,8         2019-01-31 11:50:40
     22,7                  98,8              31,8         2019-01-31 11:50:43
     22,7                  98,8              31,8         2019-01-31 11:50:46
     22,7                  98,8              31,8         2019-01-31 11:50:49
     22,7                  98,8              31,8         2019-01-31 11:51:40
     22,7                  98,8              31,8         2019-01-31 11:51:42
     22,7                  98,8              31,8         2019-01-31 11:51:45
     22,7                  98,8              31,8         2019-01-31 11:51:48
     22,7                  98,8              31,8         2019-01-31 11:51:51
     22,7                  98,8              31,8         2019-01-31 11:51:54
     22,7                  98,8              31,8         2019-01-31 11:52:00
     22,7                  98,8              31,8         2019-01-31 11:52:03
     22,7                  98,8              31,8         2019-01-31 11:52:06
     22,7                  98,8              31,8         2019-01-31 11:52:09
     22,7                  98,8              31,8         2019-01-31 11:52:12
     22,7                  98,8              31,8         2019-01-31 11:52:15
     22,7                  98,8              31,8         2019-01-31 11:52:18
     22,7                  98,8              31,8         2019-01-31 11:52:21
     22,7                  98,8              31,8         2019-01-31 11:52:24
     22,7                  98,8              31,8         2019-01-31 11:52:37
     22,7                  98,8              31,8         2019-01-31 11:52:40
     22,7                  98,8              31,8         2019-01-31 11:52:43
     22,7                  98,8              31,8         2019-01-31 11:52:46
     22,7                  98,8              31,8         2019-01-31 11:52:49
     22,7                  98,8              31,8         2019-01-31 11:52:52
     22,7                  98,8              31,8         2019-01-31 11:52:55
     22,7                  98,8              31,8         2019-01-31 11:52:58
     22,7                  98,8              31,8         2019-01-31 11:53:01
     22,7                  98,8              31,8         2019-01-31 11:53:04
     22,7                  98,8              31,8         2019-01-31 11:53:07
     22,7                  98,8              31,8         2019-01-31 11:53:10
     22,7                  98,8              31,8         2019-01-31 11:53:13
     22,7                  98,8              31,8         2019-01-31 11:53:16
     22,7                  98,8              31,8         2019-01-31 11:53:19
     22,7                  98,8              31,8         2019-01-31 11:53:22
     22,7                  98,8              31,8         2019-01-31 11:53:25
     22,7                  98,8              31,8         2019-01-31 11:53:28
     22,7                  98,8              31,8         2019-01-31 11:53:31
     22,7                  98,8              31,8         2019-01-31 11:53:34
     22,7                  98,8              31,8         2019-01-31 11:53:37
     22,7                  98,8              31,8         2019-01-31 11:53:40
     22,7                  98,8              31,8         2019-01-31 11:53:43
     22,7                  98,8              31,8         2019-01-31 11:58:28
     22,7                  98,8              31,8         2019-01-31 11:58:31
     22,7                  98,8              31,8         2019-01-31 11:58:34
     22,7                  98,8              31,8         2019-01-31 11:58:37
     22,7                  98,8              31,8         2019-01-31 11:58:40
     22,7                  98,8              31,8         2019-01-31 11:58:43
     22,7                  98,8              31,8         2019-01-31 11:58:46
     22,7                  98,8              31,8         2019-01-31 11:58:49
     22,7                  98,8              31,8         2019-01-31 11:58:52
     22,7                  98,8              31,8         2019-01-31 11:58:55
     22,7                  98,8              31,8         2019-01-31 11:58:58
     22,7                  98,8              31,8         2019-01-31 11:59:01
     22,7                  98,8              31,8         2019-01-31 11:59:04
     22,7                  98,8              31,8         2019-01-31 11:59:07
     22,7                  98,8              31,8         2019-01-31 11:59:10
     22,7                  98,8              31,8         2019-01-31 11:59:13
     22,7                  98,8              31,8         2019-01-31 12:02:27
     22,7                  98,8              31,8         2019-01-31 12:02:29
     22,7                  98,8              31,8         2019-01-31 12:02:32
     22,7                  98,8              31,8         2019-01-31 12:02:35
     22,7                  98,8              31,8         2019-01-31 12:02:38
     22,7                  98,8              31,8         2019-01-31 12:02:41
     22,7                  98,8              31,8         2019-01-31 12:02:44
     22,7                  98,8              31,8         2019-01-31 12:02:47
     22,7                  98,8              31,8         2019-01-31 12:02:50
     22,7                  98,8              31,8         2019-01-31 12:02:53
     22,7                  98,8              31,8         2019-01-31 12:02:56
     22,7                  98,8              31,8         2019-01-31 12:02:59
     22,7                  98,8              31,8         2019-01-31 12:03:02
     22,7                  98,8              31,8         2019-01-31 12:03:05
     22,7                  98,8              31,8         2019-01-31 12:03:08
     22,7                  98,8              31,8         2019-01-31 12:03:11
     22,7                  98,8              31,8         2019-01-31 12:03:14
     22,7                  98,8              31,8         2019-01-31 12:03:17
     22,7                  98,8              31,8         2019-01-31 12:03:20
     22,7                  98,8              31,8         2019-01-31 12:03:23
     22,7                  98,8              31,8         2019-01-31 12:03:26
     22,7                  98,8              31,8         2019-01-31 12:03:29
     22,7                  98,8              31,8         2019-01-31 12:03:32
     22,7                  98,8              31,8         2019-01-31 12:03:35
     22,7                  98,8              31,8         2019-01-31 12:03:38
     22,7                  98,8              31,8         2019-01-31 12:03:41
     22,7                  98,8              31,8         2019-01-31 12:03:44
     22,7                  98,8              31,8         2019-01-31 12:03:47
     22,7                  98,8              31,8         2019-01-31 12:03:50
     22,7                  98,8              31,8         2019-01-31 12:03:53
     22,7                  98,8              31,8         2019-01-31 12:03:56
     22,7                  98,8              31,8         2019-01-31 12:03:59
     22,7                  98,8              31,8         2019-01-31 12:04:02
     22,7                  98,8              31,8         2019-01-31 12:04:05
     22,7                  98,8              31,8         2019-01-31 12:04:08
     22,7                  98,8              31,8         2019-01-31 12:04:11
     22,7                  98,8              31,8         2019-01-31 12:04:14
     22,7                  98,8              31,8         2019-01-31 12:04:17
     22,7                  98,8              31,8         2019-01-31 12:04:20
     22,7                  98,8              31,8         2019-01-31 12:04:23
     22,7                  98,8              31,8         2019-01-31 12:04:26
     22,7                  98,8              31,8         2019-01-31 12:04:29
     22,7                  98,8              31,8         2019-01-31 12:04:32
     22,7                  98,8              31,8         2019-01-31 12:04:35
     22,7                  98,8              31,8         2019-01-31 12:04:38
     22,7                  98,8              31,8         2019-01-31 12:04:41
     22,7                  98,8              31,8         2019-01-31 12:04:44
     22,7                  98,8              31,8         2019-01-31 12:04:47
     22,7                  98,8              31,8         2019-01-31 12:04:50
     22,7                  98,8              31,8         2019-01-31 12:04:53
     22,7                  98,8              31,8         2019-01-31 12:04:56
     22,7                  98,8              31,8         2019-01-31 12:04:59
     22,7                  98,8              31,8         2019-01-31 12:05:02
     22,7                  98,8              31,8         2019-01-31 12:05:05
     22,7                  98,8              31,8         2019-01-31 12:05:08
     22,7                  98,8              31,8         2019-01-31 12:05:11
     22,7                  98,8              31,8         2019-01-31 12:05:14
     22,7                  98,8              31,8         2019-01-31 12:05:17
     22,7                  98,8              31,8         2019-01-31 12:05:20
     22,7                  98,8              31,8         2019-01-31 12:05:26
     22,7                  98,8              31,8         2019-01-31 12:05:29
     22,7                  98,8              31,8         2019-01-31 12:05:32
     22,7                  98,8              31,8         2019-01-31 12:05:35
     22,7                  98,8              31,8         2019-01-31 12:05:38
     22,7                  98,8              31,8         2019-01-31 12:05:41
     22,7                  98,8              31,8         2019-01-31 12:05:44
     22,7                  98,8              31,8         2019-01-31 12:05:47
     22,7                  98,8              31,8         2019-01-31 12:05:50
     22,7                  98,8              31,8         2019-01-31 12:05:53
     22,7                  98,8              31,8         2019-01-31 12:05:56
     22,7                  98,8              31,8         2019-01-31 12:05:59
     22,7                  98,8              31,8         2019-01-31 12:06:02
     22,7                  98,8              31,8         2019-01-31 12:06:05
     22,7                  98,8              31,8         2019-01-31 12:06:08
     22,7                  98,8              31,8         2019-01-31 12:06:11
     22,7                  98,8              31,8         2019-01-31 12:06:14
     22,7                  98,8              31,8         2019-01-31 12:06:17
     22,7                  98,8              31,8         2019-01-31 12:06:20
     22,7                  98,8              31,8         2019-01-31 12:06:23
     22,7                  98,8              31,8         2019-01-31 12:06:26
     22,7                  98,8              31,8         2019-01-31 12:06:29
     22,7                  98,8              31,8         2019-01-31 12:06:32
     22,7                  98,8              31,8         2019-01-31 12:06:35
     22,7                  98,8              31,8         2019-01-31 12:06:38
     22,7                  98,8              31,8         2019-01-31 12:06:41
     22,7                  98,8              31,8         2019-01-31 12:06:44
     22,7                  98,8              31,8         2019-01-31 12:06:47
     22,7                  98,8              31,8         2019-01-31 12:06:50
     22,7                  98,8              31,8         2019-01-31 12:06:53
     22,7                  98,8              31,8         2019-01-31 12:06:56
     22,7                  98,8              31,8         2019-01-31 12:06:59
     22,7                  98,8              31,8         2019-01-31 12:07:02
     22,7                  98,8              31,8         2019-01-31 12:07:10
     22,7                  98,8              31,8         2019-01-31 12:07:13
     22,7                  98,8              31,8         2019-01-31 12:07:16
     22,7                  98,8              31,8         2019-01-31 12:07:19
     22,7                  98,8              31,8         2019-01-31 12:07:22
     22,7                  98,8              31,8         2019-01-31 12:07:25
     22,7                  98,8              31,8         2019-01-31 12:07:28
     22,7                  98,8              31,8         2019-01-31 12:07:31
     22,7                  98,8              31,8         2019-01-31 12:07:34
     22,7                  98,8              31,8         2019-01-31 12:07:37
     22,7                  98,8              31,8         2019-01-31 12:07:40
     22,7                  98,8              31,8         2019-01-31 12:07:43
     22,7                  98,8              31,8         2019-01-31 12:07:46
     22,7                  98,8              31,8         2019-01-31 12:07:49
     22,7                  98,8              31,8         2019-01-31 12:07:52
     22,7                  98,8              31,8         2019-01-31 12:07:55
     22,7                  98,8              31,8         2019-01-31 12:07:58
     22,7                  98,8              31,8         2019-01-31 12:08:01
     22,7                  98,8              31,8         2019-01-31 12:08:04
     22,7                  98,8              31,8         2019-01-31 12:08:07
     22,7                  98,8              31,8         2019-01-31 12:08:10
     22,7                  98,8              31,8         2019-01-31 12:08:13
     22,7                  98,8              31,8         2019-01-31 12:08:16
     22,7                  98,8              31,8         2019-01-31 12:08:19
     22,7                  98,8              31,8         2019-01-31 12:08:22
     22,7                  98,8              31,8         2019-01-31 12:08:25
     22,7                  98,8              31,8         2019-01-31 12:08:28
     22,7                  98,8              31,8         2019-01-31 12:08:31
     22,7                  98,8              31,8         2019-01-31 12:08:36
     22,7                  98,8              31,8         2019-01-31 12:08:39
     22,7                  98,8              31,8         2019-01-31 12:08:42
     22,7                  98,8              31,8         2019-01-31 12:08:45
     22,7                  98,8              31,8         2019-01-31 12:08:48
     22,7                  98,8              31,8         2019-01-31 12:08:51
     22,7                  98,8              31,8         2019-01-31 12:08:54
     22,7                  98,8              31,8         2019-01-31 12:14:17
     22,7                  98,8              31,8         2019-01-31 12:14:19
     22,7                  98,8              31,8         2019-01-31 12:14:22
     22,7                  98,8              31,8         2019-01-31 12:14:25
     22,7                  98,8              31,8         2019-01-31 12:14:28
     22,7                  98,8              31,8         2019-01-31 12:14:31
     22,7                  98,8              31,8         2019-01-31 12:14:34
     22,7                  98,8              31,8         2019-01-31 12:14:37
     22,7                  98,8              31,8         2019-01-31 12:14:40
     22,7                  98,8              31,8         2019-01-31 12:14:43
     22,7                  98,8              31,8         2019-01-31 12:15:17
     22,7                  98,8              31,8         2019-01-31 12:15:20
     22,7                  98,8              31,8         2019-01-31 12:15:23
     22,7                  98,8              31,8         2019-01-31 12:15:26
     22,7                  98,8              31,8         2019-01-31 12:15:29
     22,7                  98,8              31,8         2019-01-31 12:15:32
     22,7                  98,8              31,8         2019-01-31 12:15:35
     22,7                  98,8              31,8         2019-01-31 12:15:38
     22,7                  98,8              31,8         2019-01-31 12:15:41
     22,7                  98,8              31,8         2019-01-31 12:15:44
     22,7                  98,8              31,8         2019-01-31 12:15:47
     22,7                  98,8              31,8         2019-01-31 12:15:50
     22,7                  98,8              31,8         2019-01-31 12:15:53
     22,7                  98,8              31,8         2019-01-31 12:15:56
     22,7                  98,8              31,8         2019-01-31 12:15:59
     22,7                  98,8              31,8         2019-01-31 12:16:02
     22,7                  98,8              31,8         2019-01-31 12:16:05
     22,7                  98,8              31,8         2019-01-31 12:16:08
     22,7                  98,8              31,8         2019-01-31 12:16:11
     22,7                  98,8              31,8         2019-01-31 12:16:14
     22,7                  98,8              31,8         2019-01-31 12:16:17
     22,7                  98,8              31,8         2019-01-31 12:16:20
     22,7                  98,8              31,8         2019-01-31 12:16:23
     22,7                  98,8              31,8         2019-01-31 12:16:26
     22,7                  98,8              31,8         2019-01-31 12:16:29
     22,7                  98,8              31,8         2019-01-31 12:16:32
     22,7                  98,8              31,8         2019-01-31 12:16:35
     22,7                  98,8              31,8         2019-01-31 12:16:38
     22,7                  98,8              31,8         2019-01-31 12:16:41
     22,7                  98,8              31,8         2019-01-31 12:16:44
     22,7                  98,8              31,8         2019-01-31 12:16:47
     22,7                  98,8              31,8         2019-01-31 12:16:50
     22,7                  98,8              31,8         2019-01-31 12:16:53
     22,7                  98,8              31,8         2019-01-31 12:16:56
     22,7                  98,8              31,8         2019-01-31 12:16:59
     22,7                  98,8              31,8         2019-01-31 12:17:01
     22,7                  98,8              31,8         2019-01-31 12:17:05
     22,7                  98,8              31,8         2019-01-31 12:17:08
     22,7                  98,8              31,8         2019-01-31 12:17:10
     22,7                  98,8              31,8         2019-01-31 12:17:14
     22,7                  98,8              31,8         2019-01-31 12:17:17
     22,7                  98,8              31,8         2019-01-31 12:17:20
     22,7                  98,8              31,8         2019-01-31 12:17:26
     22,7                  98,8              31,8         2019-01-31 12:17:29
     22,7                  98,8              31,8         2019-01-31 12:17:32
     22,7                  98,8              31,8         2019-01-31 12:17:35
     22,7                  98,8              31,8         2019-01-31 12:17:38
     22,7                  98,8              31,8         2019-01-31 12:17:41
     22,7                  98,8              31,8         2019-01-31 12:17:44
     22,7                  98,8              31,8         2019-01-31 12:17:47
     22,7                  98,8              31,8         2019-01-31 12:17:50
     22,7                  98,8              31,8         2019-01-31 12:17:53
     22,7                  98,8              31,8         2019-01-31 12:17:56
     22,7                  98,8              31,8         2019-01-31 12:17:59
     22,7                  98,8              31,8         2019-01-31 12:18:02
     22,7                  98,8              31,8         2019-01-31 12:18:54
     22,7                  98,8              31,8         2019-01-31 12:18:56
     22,7                  98,8              31,8         2019-01-31 12:18:59
     22,7                  98,8              31,8         2019-01-31 12:19:02
     22,7                  98,8              31,8         2019-01-31 12:19:05
     22,7                  98,8              31,8         2019-01-31 12:19:08
     22,7                  98,8              31,8         2019-01-31 12:19:11
     22,7                  98,8              31,8         2019-01-31 12:19:14
     22,7                  98,8              31,8         2019-01-31 12:19:17
     22,7                  98,8              31,8         2019-01-31 12:19:20
     22,7                  98,8              31,8         2019-01-31 12:19:23
     22,7                  98,8              31,8         2019-01-31 12:19:26
     22,7                  98,8              31,8         2019-01-31 12:19:29
     22,7                  98,8              31,8         2019-01-31 12:19:32
     22,7                  98,8              31,8         2019-01-31 12:19:35
     22,7                  98,8              31,8         2019-01-31 12:19:38
     22,7                  98,8              31,8         2019-01-31 12:19:41
     22,7                  98,8              31,8         2019-01-31 12:19:44
     22,7                  98,8              31,8         2019-01-31 12:19:47
     22,7                  98,8              31,8         2019-01-31 12:19:50
     22,7                  98,8              31,8         2019-01-31 12:19:53
     22,7                  98,8              31,8         2019-01-31 12:19:56
     22,7                  98,8              31,8         2019-01-31 12:19:59
     22,7                  98,8              31,8         2019-01-31 12:20:02
     22,7                  98,8              31,8         2019-01-31 12:20:05
     22,7                  98,8              31,8         2019-01-31 12:20:08
     22,7                  98,8              31,8         2019-01-31 12:20:11
     22,7                  98,8              31,8         2019-01-31 12:20:14
     22,7                  98,8              31,8         2019-01-31 12:20:17
     22,7                  98,8              31,8         2019-01-31 12:20:20
     22,7                  98,8              31,8         2019-01-31 12:20:26
     22,7                  98,8              31,8         2019-01-31 12:20:28
     22,7                  98,8              31,8         2019-01-31 12:20:31
     22,7                  98,8              31,8         2019-01-31 12:20:34
     22,7                  98,8              31,8         2019-01-31 12:20:37
     22,7                  98,8              31,8         2019-01-31 12:20:40
     22,7                  98,8              31,8         2019-01-31 12:20:43
     22,7                  98,8              31,8         2019-01-31 12:20:46
     22,7                  98,8              31,8         2019-01-31 12:20:49
     22,7                  98,8              31,8         2019-01-31 12:20:52
     22,7                  98,8              31,8         2019-01-31 12:20:55
     22,7                  98,8              31,8         2019-01-31 12:20:58
     22,7                  98,8              31,8         2019-01-31 12:21:01
     22,7                  98,8              31,8         2019-01-31 12:21:04
     22,7                  98,8              31,8         2019-01-31 12:21:11
     22,7                  98,8              31,8         2019-01-31 12:21:13
     22,7                  98,8              31,8         2019-01-31 12:21:16
     22,7                  98,8              31,8         2019-01-31 12:21:19
     22,7                  98,8              31,8         2019-01-31 12:21:22
     22,7                  98,8              31,8         2019-01-31 12:22:16
     22,7                  98,8              31,8         2019-01-31 12:22:19
     22,7                  98,8              31,8         2019-01-31 12:22:22
     22,7                  98,8              31,8         2019-01-31 12:22:25
     22,7                  98,8              31,8         2019-01-31 12:22:28
     22,7                  98,8              31,8         2019-01-31 12:22:31
     22,7                  98,8              31,8         2019-01-31 12:22:34
     22,7                  98,8              31,8         2019-01-31 12:22:37
     22,7                  98,8              31,8         2019-01-31 12:22:40
     22,7                  98,8              31,8         2019-01-31 12:22:43
     22,7                  98,8              31,8         2019-01-31 12:22:46
     22,7                  98,8              31,8         2019-01-31 12:22:49
     22,7                  98,8              31,8         2019-01-31 12:22:52
     22,7                  98,8              31,8         2019-01-31 12:22:55
     22,7                  98,8              31,8         2019-01-31 12:22:58
     22,7                  98,8              31,8         2019-01-31 12:23:01
     22,7                  98,8              31,8         2019-01-31 12:23:04
     22,7                  98,8              31,8         2019-01-31 12:23:07
     22,7                  98,8              31,8         2019-01-31 12:23:10
     22,7                  98,8              31,8         2019-01-31 12:23:18
     22,7                  98,8              31,8         2019-01-31 12:23:20
     22,7                  98,8              31,8         2019-01-31 12:23:23
     22,7                  98,8              31,8         2019-01-31 12:23:26
     22,7                  98,8              31,8         2019-01-31 12:23:29
     22,7                  98,8              31,8         2019-01-31 12:23:32
     22,7                  98,8              31,8         2019-01-31 12:23:35
     22,7                  98,8              31,8         2019-01-31 12:23:38
     22,7                  98,8              31,8         2019-01-31 12:23:41
     22,7                  98,8              31,8         2019-01-31 12:23:44
     22,7                  98,8              31,8         2019-01-31 12:23:47
     22,7                  98,8              31,8         2019-01-31 12:23:50
     22,7                  98,8              31,8         2019-01-31 12:23:53
     22,7                  98,8              31,8         2019-01-31 12:23:56
     22,7                  98,8              31,8         2019-01-31 12:23:59
     22,7                  98,8              31,8         2019-01-31 12:24:02
     22,7                  98,8              31,8         2019-01-31 12:24:05
     22,7                  98,8              31,8         2019-01-31 12:24:08
     22,7                  98,8              31,8         2019-01-31 12:24:11
     22,7                  98,8              31,8         2019-01-31 12:24:14
     22,7                  98,8              31,8         2019-01-31 12:24:17
     22,7                  98,8              31,8         2019-01-31 12:24:20
     22,7                  98,8              31,8         2019-01-31 12:27:20
     22,7                  98,8              31,8         2019-01-31 12:27:23
     22,7                  98,8              31,8         2019-01-31 12:27:26
     22,7                  98,8              31,8         2019-01-31 12:27:29
     22,7                  98,8              31,8         2019-01-31 12:27:32
     22,7                  98,8              31,8         2019-01-31 12:27:35
     22,7                  98,8              31,8         2019-01-31 12:27:38
     22,7                  98,8              31,8         2019-01-31 12:27:41
     22,7                  98,8              31,8         2019-01-31 12:27:44
     22,7                  98,8              31,8         2019-01-31 12:28:22
     22,7                  98,8              31,8         2019-01-31 12:28:25
     22,7                  98,8              31,8         2019-01-31 12:28:28
     22,7                  98,8              31,8         2019-01-31 12:28:31
     22,7                  98,8              31,8         2019-01-31 12:28:34
     22,7                  98,8              31,8         2019-01-31 12:30:23
     22,7                  98,8              31,8         2019-01-31 12:30:26
     22,7                  98,8              31,8         2019-01-31 12:30:29
     22,7                  98,8              31,8         2019-01-31 12:30:32
     22,7                  98,8              31,8         2019-01-31 12:30:35
     22,7                  98,8              31,8         2019-01-31 12:30:38
     22,7                  98,8              31,8         2019-01-31 12:30:41
     22,7                  98,8              31,8         2019-01-31 12:30:44
     22,7                  98,8              31,8         2019-01-31 12:30:47
     22,7                  98,8              31,8         2019-01-31 12:30:50
     22,7                  98,8              31,8         2019-01-31 12:30:53
     22,7                  98,8              31,8         2019-01-31 12:30:56
     22,7                  98,8              31,8         2019-01-31 12:30:59
     22,7                  98,8              31,8         2019-01-31 12:31:02
     22,7                  98,8              31,8         2019-01-31 12:31:08
     22,7                  98,8              31,8         2019-01-31 12:31:10
     22,7                  98,8              31,8         2019-01-31 12:31:13
     22,7                  98,8              31,8         2019-01-31 12:31:16
     22,7                  98,8              31,8         2019-01-31 12:31:19
     22,7                  98,8              31,8         2019-01-31 12:31:22
     22,7                  98,8              31,8         2019-01-31 12:31:25
     22,7                  98,8              31,8         2019-01-31 12:31:28
     22,7                  98,8              31,8         2019-01-31 12:31:31
     22,7                  98,8              31,8         2019-01-31 12:31:34
     22,7                  98,8              31,8         2019-01-31 12:31:37
     22,7                  98,8              31,8         2019-01-31 12:31:40
     22,7                  98,8              31,8         2019-01-31 12:31:43
     22,7                  98,8              31,8         2019-01-31 12:31:46
     22,7                  98,8              31,8         2019-01-31 12:31:49
     22,7                  98,8              31,8         2019-01-31 12:31:52
     22,7                  98,8              31,8         2019-01-31 12:32:12
     22,7                  98,8              31,8         2019-01-31 12:32:14
     22,7                  98,8              31,8         2019-01-31 12:32:17
     22,7                  98,8              31,8         2019-01-31 12:32:20
     22,7                  98,8              31,8         2019-01-31 12:32:23
     22,7                  98,8              31,8         2019-01-31 12:32:26
     22,7                  98,8              31,8         2019-01-31 12:32:29
     22,7                  98,8              31,8         2019-01-31 12:32:32
     22,7                  98,8              31,8         2019-01-31 12:32:35
     22,7                  98,8              31,8         2019-01-31 12:32:38
     22,7                  98,8              31,8         2019-01-31 12:32:41
     22,7                  98,8              31,8         2019-01-31 12:32:44
     22,7                  98,8              31,8         2019-01-31 12:32:47
     22,7                  98,8              31,8         2019-01-31 12:32:50
     22,7                  98,8              31,8         2019-01-31 12:32:53
     22,7                  98,8              31,8         2019-01-31 12:32:56
     22,7                  98,8              31,8         2019-01-31 12:32:59
     22,7                  98,8              31,8         2019-01-31 12:33:02
     22,7                  98,8              31,8         2019-01-31 12:33:05
     22,7                  98,8              31,8         2019-01-31 12:33:08
     22,7                  98,8              31,8         2019-01-31 12:33:11
     22,7                  98,8              31,8         2019-01-31 12:33:14
     22,7                  98,8              31,8         2019-01-31 12:33:17
     22,7                  98,8              31,8         2019-01-31 12:33:20
     22,7                  98,8              31,8         2019-01-31 12:33:23
     22,7                  98,8              31,8         2019-01-31 12:33:26
     22,7                  98,8              31,8         2019-01-31 12:33:29
     22,7                  98,8              31,8         2019-01-31 12:33:32
     22,7                  98,8              31,8         2019-01-31 12:33:35
     22,7                  98,8              31,8         2019-01-31 12:33:38
     22,7                  98,8              31,8         2019-01-31 12:33:41
     22,7                  98,8              31,8         2019-01-31 12:33:44
     22,7                  98,8              31,8         2019-01-31 12:33:47
     22,7                  98,8              31,8         2019-01-31 12:33:50
     22,7                  98,8              31,8         2019-01-31 12:33:53
     22,7                  98,8              31,8         2019-01-31 12:33:56
     22,7                  98,8              31,8         2019-01-31 12:33:59
     22,7                  98,8              31,8         2019-01-31 12:34:02
     22,7                  98,8              31,8         2019-01-31 12:34:05
     22,7                  98,8              31,8         2019-01-31 12:34:08
     22,7                  98,8              31,8         2019-01-31 12:34:11
     22,7                  98,8              31,8         2019-01-31 12:34:14
     22,7                  98,8              31,8         2019-01-31 12:34:23
     22,7                  98,8              31,8         2019-01-31 12:34:26
     22,7                  98,8              31,8         2019-01-31 12:34:29
     22,7                  98,8              31,8         2019-01-31 12:34:32
     22,7                  98,8              31,8         2019-01-31 12:34:35
     22,7                  98,8              31,8         2019-01-31 12:34:38
     22,7                  98,8              31,8         2019-01-31 12:34:41
     22,7                  98,8              31,8         2019-01-31 12:34:44
     22,7                  98,8              31,8         2019-01-31 12:34:47
     22,7                  98,8              31,8         2019-01-31 12:34:50
     22,7                  98,8              31,8         2019-01-31 12:34:53
     22,7                  98,8              31,8         2019-01-31 12:34:56
     22,7                  98,8              31,8         2019-01-31 12:34:59
     22,7                  98,8              31,8         2019-01-31 12:35:02
     22,7                  98,8              31,8         2019-01-31 12:35:05
     22,7                  98,8              31,8         2019-01-31 12:35:11
     22,7                  98,8              31,8         2019-01-31 12:35:14
     22,7                  98,8              31,8         2019-01-31 12:35:17
     22,7                  98,8              31,8         2019-01-31 12:35:20
     22,7                  98,8              31,8         2019-01-31 12:35:23
     22,7                  98,8              31,8         2019-01-31 12:35:26
     22,7                  98,8              31,8         2019-01-31 12:35:29
     22,7                  98,8              31,8         2019-01-31 12:35:32
     22,7                  98,8              31,8         2019-01-31 12:35:35
     22,7                  98,8              31,8         2019-01-31 12:35:38
     22,7                  98,8              31,8         2019-01-31 12:35:41
     22,7                  98,8              31,8         2019-01-31 12:35:44
     22,7                  98,8              31,8         2019-01-31 12:35:47
     22,7                  98,8              31,8         2019-01-31 12:35:50
     22,7                  98,8              31,8         2019-01-31 12:35:53
     22,7                  98,8              31,8         2019-01-31 12:35:56
     22,7                  98,8              31,8         2019-01-31 12:35:59
     22,7                  98,8              31,8         2019-01-31 12:36:02
     22,7                  98,8              31,8         2019-01-31 12:36:05
     22,7                  98,8              31,8         2019-01-31 12:36:08
     22,7                  98,8              31,8         2019-01-31 12:36:11
     22,7                  98,8              31,8         2019-01-31 12:36:14
     22,7                  98,8              31,8         2019-01-31 12:36:17
     22,7                  98,8              31,8         2019-01-31 12:36:20
     22,7                  98,8              31,8         2019-01-31 12:36:23
     22,7                  98,8              31,8         2019-01-31 12:36:26
     22,7                  98,8              31,8         2019-01-31 12:36:29
     22,7                  98,8              31,8         2019-01-31 12:36:32
     22,7                  98,8              31,8         2019-01-31 12:36:35
     22,7                  98,8              31,8         2019-01-31 12:36:38
     22,7                  98,8              31,8         2019-01-31 12:36:41
     22,7                  98,8              31,8         2019-01-31 12:36:44
     22,7                  98,8              31,8         2019-01-31 12:36:47
     22,7                  98,8              31,8         2019-01-31 12:36:50
     22,7                  98,8              31,8         2019-01-31 12:36:53
     22,7                  98,8              31,8         2019-01-31 12:36:56
     22,7                  98,8              31,8         2019-01-31 12:36:59
     22,7                  98,8              31,8         2019-01-31 12:37:02
     22,7                  98,8              31,8         2019-01-31 12:37:05
     22,7                  98,8              31,8         2019-01-31 12:37:08
     22,7                  98,8              31,8         2019-01-31 12:37:11
     22,7                  98,8              31,8         2019-01-31 12:37:14
     22,7                  98,8              31,8         2019-01-31 12:37:17
     22,7                  98,8              31,8         2019-01-31 12:37:20
     22,7                  98,8              31,8         2019-01-31 12:37:23
     22,7                  98,8              31,8         2019-01-31 12:37:26
     22,7                  98,8              31,8         2019-01-31 12:37:29
     22,7                  98,8              31,8         2019-01-31 12:37:32
     22,7                  98,8              31,8         2019-01-31 12:37:35
     22,7                  98,8              31,8         2019-01-31 12:37:38
     22,7                  98,8              31,8         2019-01-31 12:37:41
     22,7                  98,8              31,8         2019-01-31 12:37:44
     22,7                  98,8              31,8         2019-01-31 12:37:47
     22,7                  98,8              31,8         2019-01-31 12:37:50
     22,7                  98,8              31,8         2019-01-31 12:37:53
     22,7                  98,8              31,8         2019-01-31 12:37:56
     22,7                  98,8              31,8         2019-01-31 12:37:59
     22,7                  98,8              31,8         2019-01-31 12:38:02
     22,7                  98,8              31,8         2019-01-31 12:38:05
     22,7                  98,8              31,8         2019-01-31 12:38:08
     22,7                  98,8              31,8         2019-01-31 12:38:11
     22,7                  98,8              31,8         2019-01-31 12:38:14
     22,7                  98,8              31,8         2019-01-31 12:38:17
     22,7                  98,8              31,8         2019-01-31 12:38:20
     22,7                  98,8              31,8         2019-01-31 12:38:23
     22,7                  98,8              31,8         2019-01-31 12:38:26
     22,7                  98,8              31,8         2019-01-31 12:38:29
     22,7                  98,8              31,8         2019-01-31 12:38:32
     22,7                  98,8              31,8         2019-01-31 12:38:35
     22,7                  98,8              31,8         2019-01-31 12:38:38
     22,7                  98,8              31,8         2019-01-31 12:38:41
     22,7                  98,8              31,8         2019-01-31 12:38:44
     22,7                  98,8              31,8         2019-01-31 12:38:47
     22,7                  98,8              31,8         2019-01-31 12:38:50
     22,7                  98,8              31,8         2019-01-31 12:38:53
     22,7                  98,8              31,8         2019-01-31 12:38:56
     22,7                  98,8              31,8         2019-01-31 12:39:02
     22,7                  98,8              31,8         2019-01-31 12:39:04
     22,7                  98,8              31,8         2019-01-31 12:39:07
     22,7                  98,8              31,8         2019-01-31 12:39:10
     22,7                  98,8              31,8         2019-01-31 12:39:13
     22,7                  98,8              31,8         2019-01-31 12:39:16
     22,7                  98,8              31,8         2019-01-31 12:39:19
     22,7                  98,8              31,8         2019-01-31 12:39:22
     22,7                  98,8              31,8         2019-01-31 12:39:25
     22,7                  98,8              31,8         2019-01-31 12:39:28
     22,7                  98,8              31,8         2019-01-31 12:39:31
     22,7                  98,8              31,8         2019-01-31 12:39:34
     22,7                  98,8              31,8         2019-01-31 12:39:37
     22,7                  98,8              31,8         2019-01-31 12:39:40
     22,7                  98,8              31,8         2019-01-31 12:39:43
     22,7                  98,8              31,8         2019-01-31 12:39:46
     22,7                  98,8              31,8         2019-01-31 12:39:49
     22,7                  98,8              31,8         2019-01-31 12:39:52
     22,7                  98,8              31,8         2019-01-31 12:39:55
     22,7                  98,8              31,8         2019-01-31 12:39:58
     22,7                  98,8              31,8         2019-01-31 12:40:01
     22,7                  98,8              31,8         2019-01-31 12:40:04
     22,7                  98,8              31,8         2019-01-31 12:40:07
     22,7                  98,8              31,8         2019-01-31 12:40:10
     22,7                  98,8              31,8         2019-01-31 12:40:13
     22,7                  98,8              31,8         2019-01-31 12:40:16
     22,7                  98,8              31,8         2019-01-31 12:40:19
     22,7                  98,8              31,8         2019-01-31 12:40:22
     22,7                  98,8              31,8         2019-01-31 12:40:25
     22,7                  98,8              31,8         2019-01-31 12:40:28
     22,7                  98,8              31,8         2019-01-31 12:40:31
     22,7                  98,8              31,8         2019-01-31 12:40:34
     22,7                  98,8              31,8         2019-01-31 12:40:37
     22,7                  98,8              31,8         2019-01-31 12:40:40
     22,7                  98,8              31,8         2019-01-31 12:40:43
     22,7                  98,8              31,8         2019-01-31 12:41:17
     22,7                  98,8              31,8         2019-01-31 12:41:20
     22,7                  98,8              31,8         2019-01-31 12:41:23
     22,7                  98,8              31,8         2019-01-31 12:41:26
     22,7                  98,8              31,8         2019-01-31 12:41:29
     22,7                  98,8              31,8         2019-01-31 12:41:32
     22,7                  98,8              31,8         2019-01-31 12:41:35
     22,7                  98,8              31,8         2019-01-31 12:41:38
     22,7                  98,8              31,8         2019-01-31 12:41:41
     22,7                  98,8              31,8         2019-01-31 12:41:44
     22,7                  98,8              31,8         2019-01-31 12:41:47
     22,7                  98,8              31,8         2019-01-31 12:41:50
     22,7                  98,8              31,8         2019-01-31 12:41:53
     22,7                  98,8              31,8         2019-01-31 12:41:56
     22,7                  98,8              31,8         2019-01-31 12:41:59
     22,7                  98,8              31,8         2019-01-31 12:42:02
     22,7                  98,8              31,8         2019-01-31 12:42:05
     22,7                  98,8              31,8         2019-01-31 12:42:08
     22,7                  98,8              31,8         2019-01-31 12:42:11
     22,7                  98,8              31,8         2019-01-31 12:42:14
     22,7                  98,8              31,8         2019-01-31 12:42:17
     22,7                  98,8              31,8         2019-01-31 12:42:20
     22,7                  98,8              31,8         2019-01-31 12:42:23
     22,7                  98,8              31,8         2019-01-31 12:42:26
     22,7                  98,8              31,8         2019-01-31 12:42:29
     22,7                  98,8              31,8         2019-01-31 12:42:32
     22,7                  98,8              31,8         2019-01-31 12:42:35
     22,7                  98,8              31,8         2019-01-31 12:42:38
     22,7                  98,8              31,8         2019-01-31 12:42:41
     22,7                  98,8              31,8         2019-01-31 12:42:44
     22,7                  98,8              31,8         2019-01-31 12:42:47
     22,7                  98,8              31,8         2019-01-31 12:42:50
     22,7                  98,8              31,8         2019-01-31 12:42:53
     22,7                  98,8              31,8         2019-01-31 12:42:56
     22,7                  98,8              31,8         2019-01-31 12:42:59
     22,7                  98,8              31,8         2019-01-31 12:43:02
     22,7                  98,8              31,8         2019-01-31 12:43:05
     22,7                  98,8              31,8         2019-01-31 12:43:08
     22,7                  98,8              31,8         2019-01-31 12:43:11
     22,7                  98,8              31,8         2019-01-31 12:43:14
     22,7                  98,8              31,8         2019-01-31 12:43:17
     22,7                  98,8              31,8         2019-01-31 12:43:20
     22,7                  98,8              31,8         2019-01-31 12:43:23
     22,7                  98,8              31,8         2019-01-31 12:43:26
     22,7                  98,8              31,8         2019-01-31 12:43:29
     22,7                  98,8              31,8         2019-01-31 12:43:32
     22,7                  98,8              31,8         2019-01-31 12:43:35
     22,7                  98,8              31,8         2019-01-31 12:43:38
     22,7                  98,8              31,8         2019-01-31 12:43:41
     22,7                  98,8              31,8         2019-01-31 12:43:44
     22,7                  98,8              31,8         2019-01-31 12:43:47
     22,7                  98,8              31,8         2019-01-31 12:43:50
     22,7                  98,8              31,8         2019-01-31 12:43:53
     22,7                  98,8              31,8         2019-01-31 12:43:56
     22,7                  98,8              31,8         2019-01-31 12:43:59
     22,7                  98,8              31,8         2019-02-09 09:30:43
     22,7                  98,8              31,8         2019-02-09 09:38:03
     22,7                  98,8              31,8         2019-02-09 11:37:47
     22,7                  98,8              31,8         2019-02-09 11:47:44
     22,7                  98,8              31,8         2019-02-09 15:19:28
     22,7                  98,8              31,8         2019-02-11 12:59:14
     22,7                  98,8              31,8         2019-02-12 18:04:04
     22,7                  98,8              31,8         2019-02-13 14:50:46
     22,7                  98,8              31,8         2019-02-13 15:00:06
